0.0100000000000000 0.0004072112549736 6  0.0040905981848297
0.0010000000000000 0.0000807024397602 7  0.0008214930856909
0.0001000000000000 0.0000161788965301 8  0.0001650778952755
0.0000100000000000 0.0000006566361535 10  0.0000066629385713
0.0000010000000000 0.0000001323565897 11  0.0000013377348798
0.0000001000000000 0.0000000053657914 13  0.0000000538432883
0.0000000100000000 0.0000000010790160 14  0.0000000107948826
0.0000000010000000 0.0000000002168647 15  0.0000000021634031
0.0000000001000000 0.0000000000088463 17  0.0000000000868124
0.0000000000100000 0.0000000000018616 18  0.0000000000173812
