0.1000000000000000 0.0121936262205793 4 0.1023468757999313
0.0100000000000000 0.0004072112549593 6 0.0040905981848276
0.0010000000000000 0.0000807024397602 7 0.0008214930856898
0.0001000000000000 0.0000161788965443 8 0.0001650778952691
0.0000100000000000 0.0000006566361606 10 0.0000066629385739
0.0000010000000000 0.0000001323565968 11 0.0000013377348837
0.0000001000000000 0.0000000053657914 13 0.0000000538432860
0.0000000100000000 0.0000000010790231 14 0.0000000107948862
0.0000000010000000 0.0000000002168790 15 0.0000000021634030
0.0000000001000000 0.0000000000088463 17 0.0000000000868100
