0 10.3919701956886783 0.0000000000000001
1 2.6296930372021050 0.0000000000000001
2 1.4887930841645669 0.0000000000000001
3 0.8503359998158465 0.0000000000000001
4 0.5177286078680629 0.0000000000000001
5 0.3248899558154858 0.0000000000000001
6 0.2065150441896085 0.0000000000000001
7 0.1323855471329891 0.0000000000000001
8 0.0856499074346639 0.0000000000000001
9 0.0560459122351588 0.0000000000000001
10 0.0371635110014334 0.0000000000000001
11 0.0249935831974453 0.0000000000000001
12 0.0170418071513910 0.0000000000000001
13 0.0117636261445547 0.0000000000000001
14 0.0082031454378042 0.0000000000000001
15 0.0057653801697633 0.0000000000000001
16 0.0040752878483315 0.0000000000000001
17 0.0028921026531087 0.0000000000000001
18 0.0020579283431164 0.0000000000000001
19 0.0014669820903538 0.0000000000000001
20 0.0010470422304174 0.0000000000000001
21 0.0007480485448816 0.0000000000000001
22 0.0005349147553381 0.0000000000000001
23 0.0003828646972576 0.0000000000000001
24 0.0002743216061430 0.0000000000000001
25 0.0001967843083536 0.0000000000000001
26 0.0001413511201955 0.0000000000000001
27 0.0001016811603937 0.0000000000000001
28 0.0000732577989967 0.0000000000000001
29 0.0000528641795360 0.0000000000000001
30 0.0000382091302227 0.0000000000000001
31 0.0000276603250195 0.0000000000000001
32 0.0000200541074319 0.0000000000000001
33 0.0000145601186758 0.0000000000000001
34 0.0000105850559813 0.0000000000000001
35 0.0000077043169350 0.0000000000000001
36 0.0000056134760036 0.0000000000000001
37 0.0000040938395670 0.0000000000000001
38 0.0000029879810965 0.0000000000000001
39 0.0000021823457710 0.0000000000000001
40 0.0000015948622311 0.0000000000000001
41 0.0000011661029407 0.0000000000000001
42 0.0000008529626198 0.0000000000000001
43 0.0000006241265792 0.0000000000000001
44 0.0000004568142580 0.0000000000000001
45 0.0000003344334826 0.0000000000000001
46 0.0000002448868236 0.0000000000000001
47 0.0000001793462104 0.0000000000000001
48 0.0000001313645886 0.0000000000000001
49 0.0000000962308026 0.0000000000000001
50 0.0000000705004337 0.0000000000000001
51 0.0000000516541227 0.0000000000000001
52 0.0000000378484885 0.0000000000000001
53 0.0000000277343597 0.0000000000000001
54 0.0000000203240513 0.0000000000000001
55 0.0000000148943629 0.0000000000000001
56 0.0000000109156771 0.0000000000000001
57 0.0000000080000777 0.0000000000000001
58 0.0000000058634143 0.0000000000000001
59 0.0000000042975233 0.0000000000000001
60 0.0000000031498903 0.0000000000000001
61 0.0000000023087716 0.0000000000000001
62 0.0000000016922848 0.0000000000000001
63 0.0000000012404292 0.0000000000000001
64 0.0000000009092324 0.0000000000000001
65 0.0000000006664719 0.0000000000000001
66 0.0000000004885306 0.0000000000000001
67 0.0000000003580994 0.0000000000000001
68 0.0000000002624918 0.0000000000000001
69 0.0000000001924109 0.0000000000000001
70 0.0000000001410401 0.0000000000000001
71 0.0000000001033843 0.0000000000000001
72 0.0000000000757819 0.0000000000000001
73 0.0000000000555490 0.0000000000000001
74 0.0000000000407198 0.0000000000000001
75 0.0000000000298466 0.0000000000000001
76 0.0000000000218784 0.0000000000000001
77 0.0000000000160356 0.0000000000000001
78 0.0000000000117553 0.0000000000000001
79 0.0000000000086160 0.0000000000000001
80 0.0000000000063163 0.0000000000000001
81 0.0000000000046292 0.0000000000000001
82 0.0000000000033939 0.0000000000000001
83 0.0000000000024863 0.0000000000000001
84 0.0000000000018227 0.0000000000000001
85 0.0000000000013370 0.0000000000000001
86 0.0000000000009797 0.0000000000000001
87 0.0000000000007171 0.0000000000000001
88 0.0000000000005262 0.0000000000000001
89 0.0000000000003846 0.0000000000000001
90 0.0000000000002822 0.0000000000000001
91 0.0000000000002077 0.0000000000000001
92 0.0000000000001506 0.0000000000000001
93 0.0000000000001110 0.0000000000000001
94 0.0000000000000818 0.0000000000000001
95 0.0000000000000600 0.0000000000000001
96 0.0000000000000439 0.0000000000000001
97 0.0000000000000323 0.0000000000000001
98 0.0000000000000238 0.0000000000000001
99 0.0000000000000178 0.0000000000000001
100 0.0000000000000119 0.0000000000000001
101 0.0000000000000100 0.0000000000000001
102 0.0000000000000068 0.0000000000000001
103 0.0000000000000058 0.0000000000000001
104 0.0000000000000038 0.0000000000000001
105 0.0000000000000024 0.0000000000000001
106 0.0000000000000025 0.0000000000000001
107 0.0000000000000016 0.0000000000000001
108 0.0000000000000022 0.0000000000000001
109 0.0000000000000004 0.0000000000000001
110 0.0000000000000000 0.0000000000000001
