0 0.1000000000000000 21.8193926016761033
1 0.0100000000000000 4.3638785203352191
2 0.0010000000000000 0.8727757040670436
3 0.0001000000000000 0.1745551408134093
4 0.0000100000000000 0.0349110281626815
5 0.0000010000000000 0.0069822056325361
6 0.0000001000000000 0.0013964411265077
7 0.0000000100000000 0.0002792882253007
8 0.0000000010000000 0.0000558576450600
9 0.0000000001000000 0.0000111715290126
10 0.0000000000100000 0.0000022343058020
11 0.0000000000010000 0.0000004468611610
12 0.0000000000001000 0.0000000893722329
13 0.0000000000000100 0.0000000178744458
14 0.0000000000000010 0.0000000035748889
15 0.0000000000000001 0.0000000007149794
16 0.0000000000000000 0.0000000001429939
17 0.0000000000000000 0.0000000000285993
18 0.0000000000000000 0.0000000000057196
19 0.0000000000000000 0.0000000000011437
20 0.0000000000000000 0.0000000000002304
21 0.0000000000000000 0.0000000000000440
22 0.0000000000000000 0.0000000000000110
23 0.0000000000000000 0.0000000000000013
24 0.0000000000000000 0.0000000000000000
