 0.0494546154659275 0.3146726066949492 0.1000000000000000
 0.0055428207572786 0.0350790377636833 0.0100000000000000
 0.0005217995446780 0.0028941337317508 0.0010000000000000
 0.0000542943365843 0.0002783398683097 0.0001000000000000
 0.0000050172000733 0.0000246196539125 0.0000100000000000
 0.0000005603340949 0.0000026977266146 0.0000010000000000
 0.0000000596103157 0.0000002854536182 0.0000001000000000
 0.0000000061801634 0.0000000297635841 0.0000000100000000
 0.0000000004828145 0.0000000023657570 0.0000000010000000
 0.0000000000514000 0.0000000002573482 0.0000000001000000
 0.0000000000056975 0.0000000000291215 0.0000000000100000
 0.0000000000005033 0.0000000000026072 0.0000000000010000
 0.0000000000000606 0.0000000000003095 0.0000000000001000
 0.0000000000000041 0.0000000000000249 0.0000000000000100
