
0.10000000000000  18.0312500000000000  5
0.01000000000000  18.0039062500000000  8
0.00100000000000  18.0014648437500000  11
0.00010000000000  18.0017395019531250  15
0.00001000000000  18.0017127990722656  18
0.00000100000000  18.0017142295837402  21
0.00000010000000  18.0017141997814178  25
0.00000001000000  18.0017141886055470  28
0.00000000100000  18.0017141881398857  31
0.00000000010000  18.0017141878779512  35
0.00000000001000  18.0017141878524853  38
0.00000000000100  18.0017141878538496  41
0.00000000000010  18.0017141878540485  45
0.00000000000001  18.0017141878540734  48
