
0.10000000000000  18.0047016369694077  2
0.01000000000000  18.0017156739182909  3
0.00100000000000  18.0017156739182909  3
0.00010000000000  18.0017156739182909  3
0.00001000000000  18.0017141878543327  4
0.00000100000000  18.0017141878543327  4
0.00000010000000  18.0017141878543327  4
0.00000001000000  18.0017141878543327  4
0.00000000100000  18.0017141878543327  4
0.00000000010000  18.0017141878543327  4
0.00000000001000  18.0017141878543327  4
0.00000000000100  18.0017141878539633  5
0.00000000000010  18.0017141878539633  5
0.00000000000001  18.0017141878539633  5
