
0.10000000000000  1.1250000000000000  2
0.01000000000000  1.1406250000000002  5
0.00100000000000  1.1402343750000004  8
0.00010000000000  1.1401855468750004  11
0.00001000000000  1.1402191162109379  15
0.00000100000000  1.1402172088623050  18
0.00000010000000  1.1402171611785892  21
0.00000001000000  1.1402171760797504  25
0.00000000100000  1.1402171786874535  28
0.00000000010000  1.1402171787340196  31
0.00000000001000  1.1402171787543922  35
0.00000000000100  1.1402171787562110  38
0.00000000000010  1.1402171787560746  41
0.00000000000001  1.1402171787561171  45
