0.10000000000000  1.1398488261893913  1
0.01000000000000  1.1398488261893913  1
0.00100000000000  1.1402171527751683  2
0.00010000000000  1.1402171527751683  2
0.00001000000000  1.1402171527751683  2
0.00000100000000  1.1402171527751683  2
0.00000010000000  1.1402171787561084  3
0.00000001000000  1.1402171787561084  3
0.00000000100000  1.1402171787561084  3
0.00000000010000  1.1402171787561084  3
0.00000000001000  1.1402171787561084  3
0.00000000000100  1.1402171787561084  3
0.00000000000010  1.1402171787561084  3
0.00000000000001  1.1402171787561084  3
